"Nacionalidad","Migraciones_2021","latitude","longitude"
"Germany",12172,51.050577200392,10.3643715892926
"Algeria",5604,28.0559934221189,2.63118841378347
"Argentina",15680,-34.6839876712258,-64.7626148939194
"Bangladesh",1144,23.8606661365356,90.2471041151871
"Bolivia",3535,-16.6819842351507,-64.6984386196825
"Brazil",7141,-10.6390487673327,-53.2157339237413
"Bulgaria",3090,42.7712410497898,25.2091326237717
"Belgium",4639,50.6388949631126,4.6459381947024
"Canada",1166,60.4177669843847,-96.5486267280136
"Chile",4175,-36.0762465539058,-71.0561908549584
"China",5794,36.6914066934515,103.378049539793
"Colombia",39730,3.90348005339009,-73.0770322657413
"Cuba",9579,21.6379353401667,-78.9870541294201
"Denmark",836,55.9749821709948,10.042211774911
"Ecuador",7207,-1.42410985165357,-78.7492983194314
"Spain",42761,40.2076539840155,-3.70353625253204
"United States",8852,37.0902,-95.7129
"Philippines",1997,11.7293432309907,122.919280077961
"Finland",852,64.2551360000276,26.1949730974537
"France",13111,42.9551401765111,-6.67614112511503
"Gambia",2188,13.4509534899632,-15.3963233373991
"Ghana",1773,7.94769971258465,-1.21698964043326
"Guinea",968,10.4373187488031,-10.9342459875925
"Equatorial Guinea",1041,1.6508,10.2679
"Honduras",10293,14.8290802781538,-86.6176147864756
"India",3371,22.7766430396087,79.5639109318103
"Ireland",3165,53.1625330764791,-8.14571833620769
"Italy",29266,42.7156861458039,12.2010485047318
"Lithuania",974,55.3237700619849,23.8970998775749
"Mali",3873,17.315139014512,-3.59047300916167
"Morocco",58538,29.7668591371828,-8.72784775206801
"Mauritania",1116,20.2206937677679,-10.3699167351723
"Moldova",972,47.1871728367014,28.4656191680334
"Mexico",5765,23.9241551848632,-102.170985323958
"Nicaragua",3668,12.8449927207592,-85.0319410736152
"Nigeria",1457,9.59094557009618,8.07958685423834
"Norway",1439,66.3603228976923,12.7458965802462
"Pakistan",9737,29.8839453542285,69.1684395527133
"Paraguay",4367,-23.2089093391522,-58.443432990285
"Netherlands",5734,52.2269196009093,4.99154833318456
"Peru",16029,-9.10714962725944,-74.420741589475
"Poland",3514,52.111835612144,19.4197062879029
"Portugal",6727,39.6062103081133,-8.52813028125947
"United Kingdom",25046,54.0116497461288,-2.75814205633044
"Dominican Republic",6347,18.7357,-70.1627
"Romania",16429,45.8484139836604,24.9831817963969
"Russia",8039,66.0317219336462,95.6413766734594
"Senegal",7126,14.3648110931751,-14.4694479474535
"Sweden",2870,62.3836560742429,16.266950180562
"Switzerland",1687,46.7988964271967,8.20628199812416
"Ukraine",5225,49.1956082317395,31.3155838484354
"Uruguay",1914,-32.791340912445,-56.0252057376117
"Venezuela",23727,7.12227407747028,-66.1705444132272
